$ANSIBLE_VAULT;1.1;AES256
37303837643665343836643662376535333566353739663930343266346135616136383934363065
3232333432353431643337306338623237613864653031380a346136323038653162646337303533
62383964633762326466346465323065386635363136383266336130383939656265393830366363
3266616162373864340a303030323965316138383635386635346163326636336462656332383039
39656138383463336630333732343036666437313933626162303535383566343931346363383535
66666161633833653632383639373161356530333564323665323665623636656331363962613564
30623833656435393766633064326664623063623132616166396263323738633266653130653062
37663536303035313635666630346432376533366639396438353336646162316165353761383836
34653864383961353761643863623938633966353566633132303565383333326233323437623164
31616437373866376335373031303363373731623764303132313534636535303732373366353036
65636261336131633239663237623638316135343533326639353265613131373638616562626363
34313935623639316435396261643935376634326164313831393264613431643661336264333838
35393739633336383163396563373262356462383938363333376337643161653066386463653763
32626661323630343463393663383361633233666164383133346337346364356435633830376566
33613738356436353730363665303864636331303236333839613132383032363761323336373039
38333564396564643938323534643861333564346338633264633363613335366365383532343362
32363366353163623230393436646634363163353737343563616661653063636231373265366466
64646431393337366635643030366232643432353466623766346432613461613561313034656233
66323365356262353132636237343530316435613734343632393364376631623365303661336237
37333665653932343862353833623466633637313734646366636435353539323663396437616331
36626664313134626133663730666566313033613530393865396666376534316462353464346336
37636335353062323236396534366434333333643032623539363565326564323361383566353832
32313231646163313830323666356438383437646437303562306262313636306430623034356532
34613364353637363064363635306436303966366239623237386330393631326462663263613863
6635
